x	VE	analog 5.24
x	HN	ignitethespirit.org
x	PS	2007	12	09	02	23
x	FR	2007	09	09	05	00
x	LR	2007	12	09	05	55
x	E7	2007	12	09	02	23
x	SR	378555
x	S7	6229
x	NC	6912
x	C7	0
x	FL	393983
x	F7	27710
x	RR	235
x	R7	4
x	NH	4846
x	H7	322
x	BT	5068851226
x	B7	126410532
1	Rr	378555	100.000	2007
1	*BT	R	378555	2007
Q	Rr	149114	39.390	2007	4
Q	Rr	229441	60.610	2007	3
Q	*BT	R	229441	2007	3
m	Rr	6814	1.800	2007	12
m	Rr	30223	7.984	2007	11
m	Rr	112077	29.607	2007	10
m	Rr	229441	60.610	2007	09
m	*BT	R	229441	2007	09
W	Rr	237	0.063	2007	12	09
W	Rr	6178	1.632	2007	12	02
W	Rr	7466	1.972	2007	11	25
W	Rr	5054	1.335	2007	11	18
W	Rr	6619	1.748	2007	11	11
W	Rr	8184	2.162	2007	11	04
W	Rr	9504	2.511	2007	10	28
W	Rr	24118	6.371	2007	10	21
W	Rr	23953	6.327	2007	10	14
W	Rr	28517	7.533	2007	10	07
W	Rr	32360	8.548	2007	09	30
W	Rr	92071	24.322	2007	09	23
W	Rr	46277	12.225	2007	09	16
W	Rr	88017	23.251	2007	09	09
W	*BT	R	92071	2007	09	23
D	Rr	237	0.063	2007	12	09
D	Rr	1108	0.293	2007	12	08
D	Rr	763	0.202	2007	12	07
D	Rr	469	0.124	2007	12	06
D	Rr	943	0.249	2007	12	05
D	Rr	1290	0.341	2007	12	04
D	Rr	1156	0.305	2007	12	03
D	Rr	449	0.119	2007	12	02
D	Rr	399	0.105	2007	12	01
D	Rr	887	0.234	2007	11	30
D	Rr	925	0.244	2007	11	29
D	Rr	1639	0.433	2007	11	28
D	Rr	1577	0.417	2007	11	27
D	Rr	1291	0.341	2007	11	26
D	Rr	748	0.198	2007	11	25
D	Rr	795	0.210	2007	11	24
D	Rr	583	0.154	2007	11	23
D	Rr	708	0.187	2007	11	22
D	Rr	860	0.227	2007	11	21
D	Rr	613	0.162	2007	11	20
D	Rr	950	0.251	2007	11	19
D	Rr	545	0.144	2007	11	18
D	Rr	815	0.215	2007	11	17
D	Rr	1444	0.381	2007	11	16
D	Rr	613	0.162	2007	11	15
D	Rr	962	0.254	2007	11	14
D	Rr	1023	0.270	2007	11	13
D	Rr	913	0.241	2007	11	12
D	Rr	849	0.224	2007	11	11
D	Rr	584	0.154	2007	11	10
D	Rr	1193	0.315	2007	11	09
D	Rr	1368	0.361	2007	11	08
D	Rr	1871	0.494	2007	11	07
D	Rr	1749	0.462	2007	11	06
D	Rr	783	0.207	2007	11	05
D	Rr	636	0.168	2007	11	04
D	Rr	652	0.172	2007	11	03
D	Rr	1014	0.268	2007	11	02
D	Rr	1633	0.431	2007	11	01
D	Rr	1638	0.433	2007	10	31
D	Rr	1729	0.457	2007	10	30
D	Rr	1405	0.371	2007	10	29
D	*BT	R	34959	2007	09	13
d	Rr	22983	6.071	Sun
d	Rr	50337	13.297	Mon
d	Rr	71605	18.915	Tue
d	Rr	58808	15.535	Wed
d	Rr	80628	21.299	Thu
d	Rr	60484	15.978	Fri
d	Rr	33710	8.905	Sat
H	Rr	24	0.006	2007	12	09	05
H	Rr	30	0.008	2007	12	09	04
H	Rr	68	0.018	2007	12	09	03
H	Rr	67	0.018	2007	12	09	02
H	Rr	48	0.013	2007	12	09	01
H	Rr	0	0.000	2007	12	09	00
H	Rr	23	0.006	2007	12	08	23
H	Rr	40	0.011	2007	12	08	22
H	Rr	38	0.010	2007	12	08	21
H	Rr	0	0.000	2007	12	08	20
H	Rr	1	0.000	2007	12	08	19
H	Rr	29	0.008	2007	12	08	18
H	Rr	120	0.032	2007	12	08	17
H	Rr	20	0.005	2007	12	08	16
H	Rr	1	0.000	2007	12	08	15
H	Rr	16	0.004	2007	12	08	14
H	Rr	69	0.018	2007	12	08	13
H	Rr	52	0.014	2007	12	08	12
H	Rr	12	0.003	2007	12	08	11
H	Rr	2	0.001	2007	12	08	10
H	Rr	8	0.002	2007	12	08	09
H	Rr	25	0.007	2007	12	08	08
H	Rr	83	0.022	2007	12	08	07
H	Rr	42	0.011	2007	12	08	06
H	Rr	93	0.025	2007	12	08	05
H	Rr	112	0.030	2007	12	08	04
H	Rr	234	0.062	2007	12	08	03
H	Rr	52	0.014	2007	12	08	02
H	Rr	25	0.007	2007	12	08	01
H	Rr	11	0.003	2007	12	08	00
H	Rr	37	0.010	2007	12	07	23
H	Rr	65	0.017	2007	12	07	22
H	Rr	74	0.020	2007	12	07	21
H	Rr	1	0.000	2007	12	07	20
H	Rr	82	0.022	2007	12	07	19
H	Rr	31	0.008	2007	12	07	18
H	Rr	12	0.003	2007	12	07	17
H	Rr	35	0.009	2007	12	07	16
H	Rr	55	0.015	2007	12	07	15
H	Rr	29	0.008	2007	12	07	14
H	Rr	1	0.000	2007	12	07	13
H	Rr	1	0.000	2007	12	07	12
H	Rr	1	0.000	2007	12	07	11
H	Rr	2	0.001	2007	12	07	10
H	Rr	0	0.000	2007	12	07	09
H	Rr	1	0.000	2007	12	07	08
H	Rr	2	0.001	2007	12	07	07
H	Rr	195	0.052	2007	12	07	06
H	Rr	25	0.007	2007	12	07	05
H	Rr	55	0.015	2007	12	07	04
H	Rr	41	0.011	2007	12	07	03
H	Rr	0	0.000	2007	12	07	02
H	Rr	18	0.005	2007	12	07	01
H	Rr	0	0.000	2007	12	07	00
H	Rr	30	0.008	2007	12	06	23
H	Rr	20	0.005	2007	12	06	22
H	Rr	39	0.010	2007	12	06	21
H	Rr	71	0.019	2007	12	06	20
H	Rr	0	0.000	2007	12	06	19
H	Rr	18	0.005	2007	12	06	18
H	Rr	75	0.020	2007	12	06	17
H	Rr	38	0.010	2007	12	06	16
H	Rr	0	0.000	2007	12	06	15
H	Rr	30	0.008	2007	12	06	14
H	Rr	28	0.007	2007	12	06	13
H	Rr	11	0.003	2007	12	06	12
H	Rr	1	0.000	2007	12	06	11
H	Rr	1	0.000	2007	12	06	10
H	Rr	1	0.000	2007	12	06	09
H	Rr	0	0.000	2007	12	06	08
H	Rr	15	0.004	2007	12	06	07
H	Rr	3	0.001	2007	12	06	06
H	*BT	R	5085	2007	09	15	14
h	Rr	13873	3.665	00
h	Rr	19426	5.132	01
h	Rr	18869	4.984	02
h	Rr	15934	4.209	03
h	Rr	11864	3.134	04
h	Rr	6128	1.619	05
h	Rr	4682	1.237	06
h	Rr	1898	0.501	07
h	Rr	2098	0.554	08
h	Rr	1704	0.450	09
h	Rr	3246	0.857	10
h	Rr	8022	2.119	11
h	Rr	7996	2.112	12
h	Rr	18477	4.881	13
h	Rr	31488	8.318	14
h	Rr	23313	6.158	15
h	Rr	24571	6.491	16
h	Rr	26867	7.097	17
h	Rr	29386	7.763	18
h	Rr	26894	7.104	19
h	Rr	27685	7.313	20
h	Rr	25226	6.664	21
h	Rr	16576	4.379	22
h	Rr	12332	3.258	23
4	Rr	24	0.006	2007	12	09	05	45
4	Rr	0	0.000	2007	12	09	05	30
4	Rr	0	0.000	2007	12	09	05	15
4	Rr	0	0.000	2007	12	09	05	00
4	Rr	1	0.000	2007	12	09	04	45
4	Rr	0	0.000	2007	12	09	04	30
4	Rr	0	0.000	2007	12	09	04	15
4	Rr	29	0.008	2007	12	09	04	00
4	Rr	0	0.000	2007	12	09	03	45
4	Rr	1	0.000	2007	12	09	03	30
4	Rr	67	0.018	2007	12	09	03	15
4	Rr	0	0.000	2007	12	09	03	00
4	Rr	0	0.000	2007	12	09	02	45
4	Rr	20	0.005	2007	12	09	02	30
4	Rr	0	0.000	2007	12	09	02	15
4	Rr	47	0.012	2007	12	09	02	00
4	Rr	48	0.013	2007	12	09	01	45
4	Rr	0	0.000	2007	12	09	01	30
4	Rr	0	0.000	2007	12	09	01	15
4	Rr	0	0.000	2007	12	09	01	00
4	Rr	0	0.000	2007	12	09	00	45
4	Rr	0	0.000	2007	12	09	00	30
4	Rr	0	0.000	2007	12	09	00	15
4	Rr	0	0.000	2007	12	09	00	00
4	Rr	0	0.000	2007	12	08	23	45
4	Rr	0	0.000	2007	12	08	23	30
4	Rr	1	0.000	2007	12	08	23	15
4	Rr	22	0.006	2007	12	08	23	00
4	Rr	0	0.000	2007	12	08	22	45
4	Rr	0	0.000	2007	12	08	22	30
4	Rr	10	0.003	2007	12	08	22	15
4	Rr	30	0.008	2007	12	08	22	00
4	Rr	16	0.004	2007	12	08	21	45
4	Rr	0	0.000	2007	12	08	21	30
4	Rr	11	0.003	2007	12	08	21	15
4	Rr	11	0.003	2007	12	08	21	00
4	Rr	0	0.000	2007	12	08	20	45
4	Rr	0	0.000	2007	12	08	20	30
4	Rr	0	0.000	2007	12	08	20	15
4	Rr	0	0.000	2007	12	08	20	00
4	Rr	0	0.000	2007	12	08	19	45
4	Rr	0	0.000	2007	12	08	19	30
4	Rr	1	0.000	2007	12	08	19	15
4	Rr	0	0.000	2007	12	08	19	00
4	Rr	19	0.005	2007	12	08	18	45
4	Rr	0	0.000	2007	12	08	18	30
4	Rr	10	0.003	2007	12	08	18	15
4	Rr	0	0.000	2007	12	08	18	00
4	Rr	34	0.009	2007	12	08	17	45
4	Rr	0	0.000	2007	12	08	17	30
4	Rr	75	0.020	2007	12	08	17	15
4	Rr	11	0.003	2007	12	08	17	00
4	Rr	1	0.000	2007	12	08	16	45
4	Rr	0	0.000	2007	12	08	16	30
4	Rr	0	0.000	2007	12	08	16	15
4	Rr	19	0.005	2007	12	08	16	00
4	Rr	0	0.000	2007	12	08	15	45
4	Rr	0	0.000	2007	12	08	15	30
4	Rr	0	0.000	2007	12	08	15	15
4	Rr	1	0.000	2007	12	08	15	00
4	Rr	0	0.000	2007	12	08	14	45
4	Rr	0	0.000	2007	12	08	14	30
4	Rr	16	0.004	2007	12	08	14	15
4	Rr	0	0.000	2007	12	08	14	00
4	Rr	0	0.000	2007	12	08	13	45
4	Rr	0	0.000	2007	12	08	13	30
4	Rr	24	0.006	2007	12	08	13	15
4	Rr	45	0.012	2007	12	08	13	00
4	Rr	18	0.005	2007	12	08	12	45
4	Rr	34	0.009	2007	12	08	12	30
4	Rr	0	0.000	2007	12	08	12	15
4	Rr	0	0.000	2007	12	08	12	00
4	Rr	0	0.000	2007	12	08	11	45
4	Rr	0	0.000	2007	12	08	11	30
4	Rr	2	0.001	2007	12	08	11	15
4	Rr	10	0.003	2007	12	08	11	00
4	Rr	0	0.000	2007	12	08	10	45
4	Rr	1	0.000	2007	12	08	10	30
4	Rr	1	0.000	2007	12	08	10	15
4	Rr	0	0.000	2007	12	08	10	00
4	Rr	2	0.001	2007	12	08	09	45
4	Rr	4	0.001	2007	12	08	09	30
4	Rr	2	0.001	2007	12	08	09	15
4	Rr	0	0.000	2007	12	08	09	00
4	Rr	0	0.000	2007	12	08	08	45
4	Rr	0	0.000	2007	12	08	08	30
4	Rr	14	0.004	2007	12	08	08	15
4	Rr	11	0.003	2007	12	08	08	00
4	Rr	0	0.000	2007	12	08	07	45
4	Rr	0	0.000	2007	12	08	07	30
4	Rr	0	0.000	2007	12	08	07	15
4	Rr	83	0.022	2007	12	08	07	00
4	Rr	10	0.003	2007	12	08	06	45
4	Rr	2	0.001	2007	12	08	06	30
4	Rr	0	0.000	2007	12	08	06	15
4	Rr	30	0.008	2007	12	08	06	00
4	*BT	R	3250	2007	09	15	14	45
6	Rr	2929	0.774	00	00
6	Rr	3992	1.055	00	15
6	Rr	3509	0.927	00	30
6	Rr	3443	0.910	00	45
6	Rr	4298	1.135	01	00
6	Rr	3785	1.000	01	15
6	Rr	4908	1.297	01	30
6	Rr	6435	1.700	01	45
6	Rr	4226	1.116	02	00
6	Rr	5451	1.440	02	15
6	Rr	4300	1.136	02	30
6	Rr	4892	1.292	02	45
6	Rr	4497	1.188	03	00
6	Rr	4399	1.162	03	15
6	Rr	4032	1.065	03	30
6	Rr	3006	0.794	03	45
6	Rr	3507	0.926	04	00
6	Rr	2788	0.736	04	15
6	Rr	3208	0.847	04	30
6	Rr	2361	0.624	04	45
6	Rr	1942	0.513	05	00
6	Rr	1198	0.316	05	15
6	Rr	1430	0.378	05	30
6	Rr	1558	0.412	05	45
6	Rr	1172	0.310	06	00
6	Rr	1713	0.453	06	15
6	Rr	1129	0.298	06	30
6	Rr	668	0.176	06	45
6	Rr	610	0.161	07	00
6	Rr	624	0.165	07	15
6	Rr	349	0.092	07	30
6	Rr	315	0.083	07	45
6	Rr	672	0.178	08	00
6	Rr	547	0.144	08	15
6	Rr	456	0.120	08	30
6	Rr	423	0.112	08	45
6	Rr	626	0.165	09	00
6	Rr	371	0.098	09	15
6	Rr	467	0.123	09	30
6	Rr	240	0.063	09	45
6	Rr	513	0.136	10	00
6	Rr	583	0.154	10	15
6	Rr	964	0.255	10	30
6	Rr	1186	0.313	10	45
6	Rr	988	0.261	11	00
6	Rr	1092	0.288	11	15
6	Rr	2413	0.637	11	30
6	Rr	3529	0.932	11	45
6	Rr	2641	0.698	12	00
6	Rr	1451	0.383	12	15
6	Rr	2024	0.535	12	30
6	Rr	1880	0.497	12	45
6	Rr	2340	0.618	13	00
6	Rr	3738	0.987	13	15
6	Rr	5577	1.473	13	30
6	Rr	6822	1.802	13	45
6	Rr	5180	1.368	14	00
6	Rr	5714	1.509	14	15
6	Rr	8617	2.276	14	30
6	Rr	11977	3.164	14	45
6	Rr	6560	1.733	15	00
6	Rr	5068	1.339	15	15
6	Rr	6849	1.809	15	30
6	Rr	4836	1.277	15	45
6	Rr	5980	1.580	16	00
6	Rr	6521	1.723	16	15
6	Rr	6024	1.591	16	30
6	Rr	6046	1.597	16	45
6	Rr	7305	1.930	17	00
6	Rr	6287	1.661	17	15
6	Rr	6290	1.662	17	30
6	Rr	6985	1.845	17	45
6	Rr	8759	2.314	18	00
6	Rr	8059	2.129	18	15
6	Rr	6520	1.722	18	30
6	Rr	6048	1.598	18	45
6	Rr	7689	2.031	19	00
6	Rr	5379	1.421	19	15
6	Rr	5931	1.567	19	30
6	Rr	7895	2.086	19	45
6	Rr	7638	2.018	20	00
6	Rr	6302	1.665	20	15
6	Rr	6801	1.797	20	30
6	Rr	6944	1.834	20	45
6	Rr	6893	1.821	21	00
6	Rr	5873	1.551	21	15
6	Rr	7480	1.976	21	30
6	Rr	4980	1.316	21	45
6	Rr	4207	1.111	22	00
6	Rr	4219	1.115	22	15
6	Rr	4223	1.116	22	30
6	Rr	3927	1.037	22	45
6	Rr	4012	1.060	23	00
6	Rr	2227	0.588	23	15
6	Rr	3341	0.883	23	30
6	Rr	2752	0.727	23	45
5	Rr	1	0.000	2007	12	09	05	55
5	Rr	0	0.000	2007	12	09	05	50
5	Rr	23	0.006	2007	12	09	05	45
5	Rr	0	0.000	2007	12	09	05	40
5	Rr	0	0.000	2007	12	09	05	35
5	Rr	0	0.000	2007	12	09	05	30
5	Rr	0	0.000	2007	12	09	05	25
5	Rr	0	0.000	2007	12	09	05	20
5	Rr	0	0.000	2007	12	09	05	15
5	Rr	0	0.000	2007	12	09	05	10
5	Rr	0	0.000	2007	12	09	05	05
5	Rr	0	0.000	2007	12	09	05	00
5	Rr	0	0.000	2007	12	09	04	55
5	Rr	1	0.000	2007	12	09	04	50
5	Rr	0	0.000	2007	12	09	04	45
5	Rr	0	0.000	2007	12	09	04	40
5	Rr	0	0.000	2007	12	09	04	35
5	Rr	0	0.000	2007	12	09	04	30
5	Rr	0	0.000	2007	12	09	04	25
5	Rr	0	0.000	2007	12	09	04	20
5	Rr	0	0.000	2007	12	09	04	15
5	Rr	18	0.005	2007	12	09	04	10
5	Rr	11	0.003	2007	12	09	04	05
5	Rr	0	0.000	2007	12	09	04	00
5	Rr	0	0.000	2007	12	09	03	55
5	Rr	0	0.000	2007	12	09	03	50
5	Rr	0	0.000	2007	12	09	03	45
5	Rr	1	0.000	2007	12	09	03	40
5	Rr	0	0.000	2007	12	09	03	35
5	Rr	0	0.000	2007	12	09	03	30
5	Rr	67	0.018	2007	12	09	03	25
5	Rr	0	0.000	2007	12	09	03	20
5	Rr	0	0.000	2007	12	09	03	15
5	Rr	0	0.000	2007	12	09	03	10
5	Rr	0	0.000	2007	12	09	03	05
5	Rr	0	0.000	2007	12	09	03	00
5	Rr	0	0.000	2007	12	09	02	55
5	Rr	0	0.000	2007	12	09	02	50
5	Rr	0	0.000	2007	12	09	02	45
5	Rr	0	0.000	2007	12	09	02	40
5	Rr	20	0.005	2007	12	09	02	35
5	Rr	0	0.000	2007	12	09	02	30
5	Rr	0	0.000	2007	12	09	02	25
5	Rr	0	0.000	2007	12	09	02	20
5	Rr	0	0.000	2007	12	09	02	15
5	Rr	0	0.000	2007	12	09	02	10
5	Rr	43	0.011	2007	12	09	02	05
5	Rr	4	0.001	2007	12	09	02	00
5	Rr	0	0.000	2007	12	09	01	55
5	Rr	11	0.003	2007	12	09	01	50
5	Rr	37	0.010	2007	12	09	01	45
5	Rr	0	0.000	2007	12	09	01	40
5	Rr	0	0.000	2007	12	09	01	35
5	Rr	0	0.000	2007	12	09	01	30
5	Rr	0	0.000	2007	12	09	01	25
5	Rr	0	0.000	2007	12	09	01	20
5	Rr	0	0.000	2007	12	09	01	15
5	Rr	0	0.000	2007	12	09	01	10
5	Rr	0	0.000	2007	12	09	01	05
5	Rr	0	0.000	2007	12	09	01	00
5	Rr	0	0.000	2007	12	09	00	55
5	Rr	0	0.000	2007	12	09	00	50
5	Rr	0	0.000	2007	12	09	00	45
5	Rr	0	0.000	2007	12	09	00	40
5	Rr	0	0.000	2007	12	09	00	35
5	Rr	0	0.000	2007	12	09	00	30
5	Rr	0	0.000	2007	12	09	00	25
5	Rr	0	0.000	2007	12	09	00	20
5	Rr	0	0.000	2007	12	09	00	15
5	Rr	0	0.000	2007	12	09	00	10
5	Rr	0	0.000	2007	12	09	00	05
5	Rr	0	0.000	2007	12	09	00	00
5	Rr	0	0.000	2007	12	08	23	55
5	Rr	0	0.000	2007	12	08	23	50
5	Rr	0	0.000	2007	12	08	23	45
5	Rr	0	0.000	2007	12	08	23	40
5	Rr	0	0.000	2007	12	08	23	35
5	Rr	0	0.000	2007	12	08	23	30
5	Rr	0	0.000	2007	12	08	23	25
5	Rr	1	0.000	2007	12	08	23	20
5	Rr	0	0.000	2007	12	08	23	15
5	Rr	22	0.006	2007	12	08	23	10
5	Rr	0	0.000	2007	12	08	23	05
5	Rr	0	0.000	2007	12	08	23	00
5	Rr	0	0.000	2007	12	08	22	55
5	Rr	0	0.000	2007	12	08	22	50
5	Rr	0	0.000	2007	12	08	22	45
5	Rr	0	0.000	2007	12	08	22	40
5	Rr	0	0.000	2007	12	08	22	35
5	Rr	0	0.000	2007	12	08	22	30
5	Rr	10	0.003	2007	12	08	22	25
5	Rr	0	0.000	2007	12	08	22	20
5	Rr	0	0.000	2007	12	08	22	15
5	Rr	30	0.008	2007	12	08	22	10
5	Rr	0	0.000	2007	12	08	22	05
5	Rr	0	0.000	2007	12	08	22	00
5	Rr	0	0.000	2007	12	08	21	55
5	Rr	16	0.004	2007	12	08	21	50
5	Rr	0	0.000	2007	12	08	21	45
5	Rr	0	0.000	2007	12	08	21	40
5	Rr	0	0.000	2007	12	08	21	35
5	Rr	0	0.000	2007	12	08	21	30
5	Rr	0	0.000	2007	12	08	21	25
5	Rr	1	0.000	2007	12	08	21	20
5	Rr	10	0.003	2007	12	08	21	15
5	Rr	0	0.000	2007	12	08	21	10
5	Rr	0	0.000	2007	12	08	21	05
5	Rr	11	0.003	2007	12	08	21	00
5	Rr	0	0.000	2007	12	08	20	55
5	Rr	0	0.000	2007	12	08	20	50
5	Rr	0	0.000	2007	12	08	20	45
5	Rr	0	0.000	2007	12	08	20	40
5	Rr	0	0.000	2007	12	08	20	35
5	Rr	0	0.000	2007	12	08	20	30
5	Rr	0	0.000	2007	12	08	20	25
5	Rr	0	0.000	2007	12	08	20	20
5	Rr	0	0.000	2007	12	08	20	15
5	Rr	0	0.000	2007	12	08	20	10
5	Rr	0	0.000	2007	12	08	20	05
5	Rr	0	0.000	2007	12	08	20	00
5	Rr	0	0.000	2007	12	08	19	55
5	Rr	0	0.000	2007	12	08	19	50
5	Rr	0	0.000	2007	12	08	19	45
5	Rr	0	0.000	2007	12	08	19	40
5	Rr	0	0.000	2007	12	08	19	35
5	Rr	0	0.000	2007	12	08	19	30
5	Rr	1	0.000	2007	12	08	19	25
5	Rr	0	0.000	2007	12	08	19	20
5	Rr	0	0.000	2007	12	08	19	15
5	Rr	0	0.000	2007	12	08	19	10
5	Rr	0	0.000	2007	12	08	19	05
5	Rr	0	0.000	2007	12	08	19	00
5	Rr	19	0.005	2007	12	08	18	55
5	Rr	0	0.000	2007	12	08	18	50
5	Rr	0	0.000	2007	12	08	18	45
5	Rr	0	0.000	2007	12	08	18	40
5	Rr	0	0.000	2007	12	08	18	35
5	Rr	0	0.000	2007	12	08	18	30
5	Rr	10	0.003	2007	12	08	18	25
5	Rr	0	0.000	2007	12	08	18	20
5	Rr	0	0.000	2007	12	08	18	15
5	Rr	0	0.000	2007	12	08	18	10
5	Rr	0	0.000	2007	12	08	18	05
5	Rr	0	0.000	2007	12	08	18	00
5	Rr	20	0.005	2007	12	08	17	55
5	Rr	0	0.000	2007	12	08	17	50
5	Rr	14	0.004	2007	12	08	17	45
5	Rr	0	0.000	2007	12	08	17	40
5	Rr	0	0.000	2007	12	08	17	35
5	Rr	0	0.000	2007	12	08	17	30
5	Rr	3	0.001	2007	12	08	17	25
5	Rr	13	0.003	2007	12	08	17	20
5	Rr	59	0.016	2007	12	08	17	15
5	Rr	11	0.003	2007	12	08	17	10
5	Rr	0	0.000	2007	12	08	17	05
5	Rr	0	0.000	2007	12	08	17	00
5	Rr	0	0.000	2007	12	08	16	55
5	Rr	1	0.000	2007	12	08	16	50
5	Rr	0	0.000	2007	12	08	16	45
5	Rr	0	0.000	2007	12	08	16	40
5	Rr	0	0.000	2007	12	08	16	35
5	Rr	0	0.000	2007	12	08	16	30
5	Rr	0	0.000	2007	12	08	16	25
5	Rr	0	0.000	2007	12	08	16	20
5	Rr	0	0.000	2007	12	08	16	15
5	Rr	19	0.005	2007	12	08	16	10
5	Rr	0	0.000	2007	12	08	16	05
5	Rr	0	0.000	2007	12	08	16	00
5	Rr	0	0.000	2007	12	08	15	55
5	Rr	0	0.000	2007	12	08	15	50
5	Rr	0	0.000	2007	12	08	15	45
5	Rr	0	0.000	2007	12	08	15	40
5	Rr	0	0.000	2007	12	08	15	35
5	Rr	0	0.000	2007	12	08	15	30
5	Rr	0	0.000	2007	12	08	15	25
5	Rr	0	0.000	2007	12	08	15	20
5	Rr	0	0.000	2007	12	08	15	15
5	Rr	1	0.000	2007	12	08	15	10
5	Rr	0	0.000	2007	12	08	15	05
5	Rr	0	0.000	2007	12	08	15	00
5	Rr	0	0.000	2007	12	08	14	55
5	Rr	0	0.000	2007	12	08	14	50
5	Rr	0	0.000	2007	12	08	14	45
5	Rr	0	0.000	2007	12	08	14	40
5	Rr	0	0.000	2007	12	08	14	35
5	Rr	0	0.000	2007	12	08	14	30
5	Rr	16	0.004	2007	12	08	14	25
5	Rr	0	0.000	2007	12	08	14	20
5	Rr	0	0.000	2007	12	08	14	15
5	Rr	0	0.000	2007	12	08	14	10
5	Rr	0	0.000	2007	12	08	14	05
5	Rr	0	0.000	2007	12	08	14	00
5	Rr	0	0.000	2007	12	08	13	55
5	Rr	0	0.000	2007	12	08	13	50
5	Rr	0	0.000	2007	12	08	13	45
5	Rr	0	0.000	2007	12	08	13	40
5	Rr	0	0.000	2007	12	08	13	35
5	Rr	0	0.000	2007	12	08	13	30
5	Rr	0	0.000	2007	12	08	13	25
5	Rr	0	0.000	2007	12	08	13	20
5	Rr	24	0.006	2007	12	08	13	15
5	Rr	26	0.007	2007	12	08	13	10
5	Rr	19	0.005	2007	12	08	13	05
5	Rr	0	0.000	2007	12	08	13	00
5	Rr	0	0.000	2007	12	08	12	55
5	Rr	8	0.002	2007	12	08	12	50
5	Rr	10	0.003	2007	12	08	12	45
5	Rr	0	0.000	2007	12	08	12	40
5	Rr	0	0.000	2007	12	08	12	35
5	Rr	34	0.009	2007	12	08	12	30
5	Rr	0	0.000	2007	12	08	12	25
5	Rr	0	0.000	2007	12	08	12	20
5	Rr	0	0.000	2007	12	08	12	15
5	Rr	0	0.000	2007	12	08	12	10
5	Rr	0	0.000	2007	12	08	12	05
5	Rr	0	0.000	2007	12	08	12	00
5	Rr	0	0.000	2007	12	08	11	55
5	Rr	0	0.000	2007	12	08	11	50
5	Rr	0	0.000	2007	12	08	11	45
5	Rr	0	0.000	2007	12	08	11	40
5	Rr	0	0.000	2007	12	08	11	35
5	Rr	0	0.000	2007	12	08	11	30
5	Rr	0	0.000	2007	12	08	11	25
5	Rr	0	0.000	2007	12	08	11	20
5	Rr	2	0.001	2007	12	08	11	15
5	Rr	10	0.003	2007	12	08	11	10
5	Rr	0	0.000	2007	12	08	11	05
5	Rr	0	0.000	2007	12	08	11	00
5	Rr	0	0.000	2007	12	08	10	55
5	Rr	0	0.000	2007	12	08	10	50
5	Rr	0	0.000	2007	12	08	10	45
5	Rr	0	0.000	2007	12	08	10	40
5	Rr	0	0.000	2007	12	08	10	35
5	Rr	1	0.000	2007	12	08	10	30
5	Rr	0	0.000	2007	12	08	10	25
5	Rr	0	0.000	2007	12	08	10	20
5	Rr	1	0.000	2007	12	08	10	15
5	Rr	0	0.000	2007	12	08	10	10
5	Rr	0	0.000	2007	12	08	10	05
5	Rr	0	0.000	2007	12	08	10	00
5	Rr	0	0.000	2007	12	08	09	55
5	Rr	1	0.000	2007	12	08	09	50
5	Rr	1	0.000	2007	12	08	09	45
5	Rr	1	0.000	2007	12	08	09	40
5	Rr	2	0.001	2007	12	08	09	35
5	Rr	1	0.000	2007	12	08	09	30
5	Rr	1	0.000	2007	12	08	09	25
5	Rr	1	0.000	2007	12	08	09	20
5	Rr	0	0.000	2007	12	08	09	15
5	Rr	0	0.000	2007	12	08	09	10
5	Rr	0	0.000	2007	12	08	09	05
5	Rr	0	0.000	2007	12	08	09	00
5	Rr	0	0.000	2007	12	08	08	55
5	Rr	0	0.000	2007	12	08	08	50
5	Rr	0	0.000	2007	12	08	08	45
5	Rr	0	0.000	2007	12	08	08	40
5	Rr	0	0.000	2007	12	08	08	35
5	Rr	0	0.000	2007	12	08	08	30
5	Rr	0	0.000	2007	12	08	08	25
5	Rr	14	0.004	2007	12	08	08	20
5	Rr	0	0.000	2007	12	08	08	15
5	Rr	0	0.000	2007	12	08	08	10
5	Rr	0	0.000	2007	12	08	08	05
5	Rr	11	0.003	2007	12	08	08	00
5	Rr	0	0.000	2007	12	08	07	55
5	Rr	0	0.000	2007	12	08	07	50
5	Rr	0	0.000	2007	12	08	07	45
5	Rr	0	0.000	2007	12	08	07	40
5	Rr	0	0.000	2007	12	08	07	35
5	Rr	0	0.000	2007	12	08	07	30
5	Rr	0	0.000	2007	12	08	07	25
5	Rr	0	0.000	2007	12	08	07	20
5	Rr	0	0.000	2007	12	08	07	15
5	Rr	0	0.000	2007	12	08	07	10
5	Rr	65	0.017	2007	12	08	07	05
5	Rr	18	0.005	2007	12	08	07	00
5	Rr	10	0.003	2007	12	08	06	55
5	Rr	0	0.000	2007	12	08	06	50
5	Rr	0	0.000	2007	12	08	06	45
5	Rr	2	0.001	2007	12	08	06	40
5	Rr	0	0.000	2007	12	08	06	35
5	Rr	0	0.000	2007	12	08	06	30
5	Rr	0	0.000	2007	12	08	06	25
5	Rr	0	0.000	2007	12	08	06	20
5	Rr	0	0.000	2007	12	08	06	15
5	Rr	0	0.000	2007	12	08	06	10
5	Rr	15	0.004	2007	12	08	06	05
5	Rr	15	0.004	2007	12	08	06	00
5	*BT	R	1815	2007	09	12	14	50
7	Rr	1035	0.273	00	00
7	Rr	1049	0.277	00	05
7	Rr	845	0.223	00	10
7	Rr	1287	0.340	00	15
7	Rr	1028	0.272	00	20
7	Rr	1677	0.443	00	25
7	Rr	1368	0.361	00	30
7	Rr	1095	0.289	00	35
7	Rr	1046	0.276	00	40
7	Rr	1124	0.297	00	45
7	Rr	1385	0.366	00	50
7	Rr	934	0.247	00	55
7	Rr	958	0.253	01	00
7	Rr	1290	0.341	01	05
7	Rr	2050	0.542	01	10
7	Rr	1542	0.407	01	15
7	Rr	1279	0.338	01	20
7	Rr	964	0.255	01	25
7	Rr	1661	0.439	01	30
7	Rr	1699	0.449	01	35
7	Rr	1548	0.409	01	40
7	Rr	3002	0.793	01	45
7	Rr	1693	0.447	01	50
7	Rr	1740	0.460	01	55
7	Rr	1353	0.357	02	00
7	Rr	2092	0.553	02	05
7	Rr	781	0.206	02	10
7	Rr	2101	0.555	02	15
7	Rr	2031	0.537	02	20
7	Rr	1319	0.348	02	25
7	Rr	1410	0.372	02	30
7	Rr	1136	0.300	02	35
7	Rr	1754	0.463	02	40
7	Rr	2588	0.684	02	45
7	Rr	1429	0.377	02	50
7	Rr	875	0.231	02	55
7	Rr	1545	0.408	03	00
7	Rr	1930	0.510	03	05
7	Rr	1022	0.270	03	10
7	Rr	1300	0.343	03	15
7	Rr	1512	0.399	03	20
7	Rr	1587	0.419	03	25
7	Rr	1281	0.338	03	30
7	Rr	1777	0.469	03	35
7	Rr	974	0.257	03	40
7	Rr	855	0.226	03	45
7	Rr	1120	0.296	03	50
7	Rr	1031	0.272	03	55
7	Rr	750	0.198	04	00
7	Rr	1357	0.358	04	05
7	Rr	1400	0.370	04	10
7	Rr	977	0.258	04	15
7	Rr	761	0.201	04	20
7	Rr	1050	0.277	04	25
7	Rr	1157	0.306	04	30
7	Rr	1160	0.306	04	35
7	Rr	891	0.235	04	40
7	Rr	735	0.194	04	45
7	Rr	845	0.223	04	50
7	Rr	781	0.206	04	55
7	Rr	704	0.186	05	00
7	Rr	606	0.160	05	05
7	Rr	632	0.167	05	10
7	Rr	374	0.099	05	15
7	Rr	400	0.106	05	20
7	Rr	424	0.112	05	25
7	Rr	564	0.149	05	30
7	Rr	518	0.137	05	35
7	Rr	348	0.092	05	40
7	Rr	347	0.092	05	45
7	Rr	334	0.088	05	50
7	Rr	877	0.232	05	55
7	Rr	449	0.119	06	00
7	Rr	249	0.066	06	05
7	Rr	474	0.125	06	10
7	Rr	461	0.122	06	15
7	Rr	848	0.224	06	20
7	Rr	404	0.107	06	25
7	Rr	462	0.122	06	30
7	Rr	389	0.103	06	35
7	Rr	278	0.073	06	40
7	Rr	378	0.100	06	45
7	Rr	158	0.042	06	50
7	Rr	132	0.035	06	55
7	Rr	169	0.045	07	00
7	Rr	342	0.090	07	05
7	Rr	99	0.026	07	10
7	Rr	84	0.022	07	15
7	Rr	139	0.037	07	20
7	Rr	401	0.106	07	25
7	Rr	227	0.060	07	30
7	Rr	107	0.028	07	35
7	Rr	15	0.004	07	40
7	Rr	65	0.017	07	45
7	Rr	56	0.015	07	50
7	Rr	194	0.051	07	55
7	Rr	341	0.090	08	00
7	Rr	187	0.049	08	05
7	Rr	144	0.038	08	10
7	Rr	165	0.044	08	15
7	Rr	288	0.076	08	20
7	Rr	94	0.025	08	25
7	Rr	61	0.016	08	30
7	Rr	163	0.043	08	35
7	Rr	232	0.061	08	40
7	Rr	36	0.010	08	45
7	Rr	203	0.054	08	50
7	Rr	184	0.049	08	55
7	Rr	54	0.014	09	00
7	Rr	28	0.007	09	05
7	Rr	544	0.144	09	10
7	Rr	153	0.040	09	15
7	Rr	176	0.046	09	20
7	Rr	42	0.011	09	25
7	Rr	128	0.034	09	30
7	Rr	265	0.070	09	35
7	Rr	74	0.020	09	40
7	Rr	117	0.031	09	45
7	Rr	83	0.022	09	50
7	Rr	40	0.011	09	55
7	Rr	123	0.032	10	00
7	Rr	157	0.041	10	05
7	Rr	233	0.062	10	10
7	Rr	173	0.046	10	15
7	Rr	92	0.024	10	20
7	Rr	318	0.084	10	25
7	Rr	280	0.074	10	30
7	Rr	81	0.021	10	35
7	Rr	603	0.159	10	40
7	Rr	843	0.223	10	45
7	Rr	243	0.064	10	50
7	Rr	100	0.026	10	55
7	Rr	308	0.081	11	00
7	Rr	382	0.101	11	05
7	Rr	298	0.079	11	10
7	Rr	323	0.085	11	15
7	Rr	389	0.103	11	20
7	Rr	380	0.100	11	25
7	Rr	206	0.054	11	30
7	Rr	472	0.125	11	35
7	Rr	1735	0.458	11	40
7	Rr	1042	0.275	11	45
7	Rr	1208	0.319	11	50
7	Rr	1279	0.338	11	55
7	Rr	1535	0.405	12	00
7	Rr	764	0.202	12	05
7	Rr	342	0.090	12	10
7	Rr	266	0.070	12	15
7	Rr	619	0.164	12	20
7	Rr	566	0.150	12	25
7	Rr	745	0.197	12	30
7	Rr	643	0.170	12	35
7	Rr	636	0.168	12	40
7	Rr	679	0.179	12	45
7	Rr	485	0.128	12	50
7	Rr	716	0.189	12	55
7	Rr	708	0.187	13	00
7	Rr	986	0.260	13	05
7	Rr	646	0.171	13	10
7	Rr	794	0.210	13	15
7	Rr	1269	0.335	13	20
7	Rr	1675	0.442	13	25
7	Rr	1988	0.525	13	30
7	Rr	2403	0.635	13	35
7	Rr	1186	0.313	13	40
7	Rr	2043	0.540	13	45
7	Rr	2170	0.573	13	50
7	Rr	2609	0.689	13	55
7	Rr	1679	0.444	14	00
7	Rr	1489	0.393	14	05
7	Rr	2012	0.531	14	10
7	Rr	1726	0.456	14	15
7	Rr	1918	0.507	14	20
7	Rr	2070	0.547	14	25
7	Rr	2345	0.619	14	30
7	Rr	2377	0.628	14	35
7	Rr	3895	1.029	14	40
7	Rr	3507	0.926	14	45
7	Rr	5551	1.466	14	50
7	Rr	2919	0.771	14	55
7	Rr	2079	0.549	15	00
7	Rr	2792	0.738	15	05
7	Rr	1689	0.446	15	10
7	Rr	1465	0.387	15	15
7	Rr	1767	0.467	15	20
7	Rr	1836	0.485	15	25
7	Rr	2112	0.558	15	30
7	Rr	2684	0.709	15	35
7	Rr	2053	0.542	15	40
7	Rr	2040	0.539	15	45
7	Rr	1308	0.346	15	50
7	Rr	1488	0.393	15	55
7	Rr	2263	0.598	16	00
7	Rr	1847	0.488	16	05
7	Rr	1870	0.494	16	10
7	Rr	1817	0.480	16	15
7	Rr	2582	0.682	16	20
7	Rr	2122	0.561	16	25
7	Rr	2048	0.541	16	30
7	Rr	2259	0.597	16	35
7	Rr	1717	0.454	16	40
7	Rr	1677	0.443	16	45
7	Rr	1616	0.427	16	50
7	Rr	2753	0.727	16	55
7	Rr	2622	0.693	17	00
7	Rr	2296	0.607	17	05
7	Rr	2387	0.631	17	10
7	Rr	1789	0.473	17	15
7	Rr	2695	0.712	17	20
7	Rr	1803	0.476	17	25
7	Rr	2022	0.534	17	30
7	Rr	2339	0.618	17	35
7	Rr	1929	0.510	17	40
7	Rr	3069	0.811	17	45
7	Rr	1811	0.478	17	50
7	Rr	2105	0.556	17	55
7	Rr	2828	0.747	18	00
7	Rr	2367	0.625	18	05
7	Rr	3564	0.941	18	10
7	Rr	2722	0.719	18	15
7	Rr	2892	0.764	18	20
7	Rr	2445	0.646	18	25
7	Rr	2477	0.654	18	30
7	Rr	2045	0.540	18	35
7	Rr	1998	0.528	18	40
7	Rr	1862	0.492	18	45
7	Rr	1876	0.496	18	50
7	Rr	2310	0.610	18	55
7	Rr	2825	0.746	19	00
7	Rr	3083	0.814	19	05
7	Rr	1781	0.470	19	10
7	Rr	1853	0.489	19	15
7	Rr	1600	0.423	19	20
7	Rr	1926	0.509	19	25
7	Rr	2302	0.608	19	30
7	Rr	1789	0.473	19	35
7	Rr	1840	0.486	19	40
7	Rr	2131	0.563	19	45
7	Rr	3307	0.874	19	50
7	Rr	2457	0.649	19	55
7	Rr	2908	0.768	20	00
7	Rr	2411	0.637	20	05
7	Rr	2319	0.613	20	10
7	Rr	2404	0.635	20	15
7	Rr	1966	0.519	20	20
7	Rr	1932	0.510	20	25
7	Rr	2196	0.580	20	30
7	Rr	2365	0.625	20	35
7	Rr	2240	0.592	20	40
7	Rr	1924	0.508	20	45
7	Rr	2085	0.551	20	50
7	Rr	2935	0.775	20	55
7	Rr	2763	0.730	21	00
7	Rr	2026	0.535	21	05
7	Rr	2104	0.556	21	10
7	Rr	1458	0.385	21	15
7	Rr	2463	0.651	21	20
7	Rr	1952	0.516	21	25
7	Rr	2064	0.545	21	30
7	Rr	3126	0.826	21	35
7	Rr	2290	0.605	21	40
7	Rr	1782	0.471	21	45
7	Rr	1586	0.419	21	50
7	Rr	1612	0.426	21	55
7	Rr	1461	0.386	22	00
7	Rr	1663	0.439	22	05
7	Rr	1083	0.286	22	10
7	Rr	1394	0.368	22	15
7	Rr	1477	0.390	22	20
7	Rr	1348	0.356	22	25
7	Rr	1200	0.317	22	30
7	Rr	1041	0.275	22	35
7	Rr	1982	0.524	22	40
7	Rr	1579	0.417	22	45
7	Rr	1189	0.314	22	50
7	Rr	1159	0.306	22	55
7	Rr	1596	0.422	23	00
7	Rr	1439	0.380	23	05
7	Rr	977	0.258	23	10
7	Rr	680	0.180	23	15
7	Rr	965	0.255	23	20
7	Rr	582	0.154	23	25
7	Rr	1356	0.358	23	30
7	Rr	1028	0.272	23	35
7	Rr	957	0.253	23	40
7	Rr	908	0.240	23	45
7	Rr	804	0.212	23	50
7	Rr	1040	0.275	23	55
o	*f	0R	r
o	lRQ	1	378555	233298834	[unresolved numerical addresses]
Z	*f	-20R	r
Z	lRb	1	41745	10.440	76
Z	lRb	1	24225	6.485	75
Z	lRb	1	22762	6.149	69
Z	lRb	1	21554	6.180	71
Z	lRb	1	14774	3.390	12
Z	lRb	1	11919	2.770	74
Z	lRb	1	10126	2.601	70
Z	lRb	1	5361	1.865	38
Z	lRb	1	5034	0.571	64.241
Z	lRb	1	4548	1.389	24.13
Z	lRb	1	4385	1.210	24.14
Z	lRb	1	3810	0.876	67.175
Z	lRb	1	3752	0.992	67.173
Z	lRb	1	3609	1.087	98
Z	lRb	1	3584	1.101	68.20
Z	lRb	1	3365	0.798	24.148
Z	lRb	1	3275	1.162	64.12
Z	lRb	1	3205	0.926	24.1
Z	lRb	1	2941	1.105	205.188
Z	lRb	1	2728	0.746	24.12
Z	lRb	1	181853	48.157	[not listed: 1058]
S	*f	-50P	r
S	Rb	6683	1.374	74.139.147.192
S	Rb	5	0.000	65.54.165.35
S	Rb	371867	98.626	[not listed: 4844]
i	*f	0R	s
i	lRc	1	296747	20.908	[root directory]
i	lRc	1	28133	77.219	/images/
i	lRc	2	70	0.000	/images/07/
i	lRc	1	3130	1.873	/manager/
i	lRc	1	74	0.000	/ecomm/
i	lRc	1	8997	0.000	/2005/
i	lRc	1	33400	0.000	/2007/
i	lRc	2	4190	0.000	/2007/men/
i	lRc	2	2678	0.000	/2007/women/
i	lRc	1	408	0.000	/2008test/
i	lRc	1	7650	0.000	/2008/
i	lRc	2	3526	0.000	/2008/images/
i	lRc	1	2	0.000	/header_images/
i	lRc	1	14	0.000	/stats/
r	*f	0.050000%S	s
r	lRSc	1	6756	223	10.860	/index.aspx
r	lRSc	1	4918	155	9.023	/store.aspx
r	lRSc	1	4194	151	6.644	/meet.aspx
r	lRSc	1	711	108	5.000	/manager/vieworder.asp
r	lRSc	1	3625	107	4.314	/news_item.aspx
r	lRSc	1	1755	56	2.556	/about.aspx
r	lRSc	1	1258	54	2.283	/news.aspx
r	lRSc	1	479	53	3.577	/meet_james.asp
r	lRSc	1	511	51	3.752	/meet_mark.asp
r	lRSc	1	442	51	3.088	/meet_guido.asp
r	lRSc	1	420	50	3.190	/meet_jerry.asp
r	lRSc	1	467	49	3.381	/meet_eric.asp
r	lRSc	1	432	47	3.037	/meet_fitz.asp
r	lRSc	1	379	45	2.580	/meet_jamie.asp
r	lRSc	1	400	42	2.613	/meet_rich.asp
r	lRSc	1	305	42	0.915	/images/store_noflash.aspx
r	lRSc	1	386	41	2.995	/meet_sam.asp
r	lRSc	1	324	38	0.801	/images/index_noflash.aspx
r	lRSc	1	452	38	2.550	/meet_tom.asp
r	lRSc	1	795	36	2.126	/supporters.aspx
r	lRSc	1	341	33	2.002	/meet_daryll.asp
r	lRSc	1	287	31	2.098	/meet_lexsee.asp
r	lRSc	1	527	23	0.863	/contact.aspx
r	lRSc	1	186	16	0.310	/images/news_noflash.aspx
r	lRSc	1	125	10	0.193	/images/about_noflash.aspx
r	lRSc	1	1022	7	0.607	/meet_noflash.aspx
r	lRSc	1	61	6	17.913	/manager/viewprocessedorders.asp
r	lRSc	1	80	6	0.117	/images/supporters_noflash.aspx
r	lRSc	1	1145	4	0.241	/store_cart.aspx
r	lRSc	1	201	4	0.098	/manager/index.asp
r	lRSc	1	723	4	0.107	/manager/main.asp
r	lRSc	1	65	3	0.058	/images/contact_noflash.aspx
r	lRSc	1	53	3	0.110	/contact_thankyou.aspx
r	lRSc	1	16877	0	0.000	[not listed: 99]
t	*f	0.100000%B	b
t	lRb	1	42364	71.125	.jpg  [JPEG graphics]
t	lRb	1	48085	16.451	.swf
t	lRb	1	214925	6.373	.gif  [GIF graphics]
t	lRb	1	42153	4.018	.aspx  [ASP.Net Server REQUESTS]
t	lRb	1	8545	1.371	.asp  [Active Server REQUESTS]
t	lRb	1	10372	0.514	.js  [JavaScript code]
t	lRb	1	12103	0.148	.css  [Cascading Style Sheets]
t	lRb	1	8	0.000	[not listed: 3]
z	*FR	2007	09	16	16	08
z	*LR	2007	12	09	05	55
z	ScR	39	0.000	1256	0
z	ScR	0	0.000	0	1b-  10b
z	ScR	0	0.000	2	11b- 100b
z	ScR	1842	0.689	172952	101b-  1kb
z	ScR	2634	10.030	138485	1kb- 10kb
z	ScR	1468	23.167	59016	10kb-100kb
z	ScR	127	66.115	6844	100kb-  1Mb
c	*FR	2007	09	10	00	05
c	*LR	2007	12	09	05	55
c	*f	0R	a
c	R	306149	200 OK
c	R	226	206 Partial content
c	R	235	301 Document moved permanently
c	R	72180	304 Not modified since last retrieval
c	R	1	400 Bad request
c	R	16	403 Access forbidden
c	R	393087	404 Document not found
c	R	1	406 Document not acceptable to client
c	R	878	500 Internal server error
I	*FR	2007	09	09	07	48
I	*LR	2007	12	09	05	49
I	*f	-30S	s
I	lRS	1	13832	1388	/nav_about_off.gif
I	lRS	1	13778	1386	/nav_index_off.gif
I	lRS	1	13783	1374	/nav_store_off.gif
I	lRS	1	13768	1373	/nav_meet_off.gif
I	lRS	1	13746	1368	/nav_news_off.gif
I	lRS	1	13734	1367	/nav_supporters_off.gif
I	lRS	1	13705	1367	/nav_contact_off.gif
I	lRS	1	13725	1366	/meet_2005_off.gif
I	lRS	1	13731	1366	/meet_2006_off.gif
I	lRS	1	13688	1363	/meet_2007_off.gif
I	lRS	1	13572	1358	/nav_index_on.gif
I	lRS	1	13599	1356	/nav_about_on.gif
I	lRS	1	13563	1351	/nav_meet_on.gif
I	lRS	1	13525	1348	/nav_store_on.gif
I	lRS	1	13463	1345	/nav_supporters_on.gif
I	lRS	1	13510	1342	/nav_news_on.gif
I	lRS	1	13467	1338	/nav_contact_on.gif
I	lRS	1	13481	1332	/meet_2006_on.gif
I	lRS	1	13448	1329	/meet_2005_on.gif
I	lRS	1	13399	1324	/meet_2007_on.gif
I	lRS	1	6119	181	/favicon.ico
I	lRS	1	1125	120	/images/fonts.css
I	lRS	1	1122	119	/images/main.js
I	lRS	1	1021	72	/robots.txt
I	lRS	1	29	7	/images/nolash_daryll_over.gif
I	lRS	1	25	6	/meet.asp
I	lRS	1	42	6	/_vti_bin/owssvr.dll
I	lRS	1	42	6	/msoffice/cltreq.asp
I	lRS	1	16	4	/2005/meet.aspx
I	lRS	1	26	4	/store.asp
I	lRS	1	111899	44	[not listed: 384]
L	*FR	2007	09	09	07	48
L	*LR	2007	12	09	05	49
L	*f	-20S	s
L	RS	2880	2052	207.63.100.162
L	RS	2058	1214	69.47.200.214
L	RS	883	883	71.239.171.229
L	RS	1524	740	24.13.137.139
L	RS	695	695	24.148.76.254
L	RS	1345	601	71.201.100.213
L	RS	601	601	216.206.197.37
L	RS	596	596	68.74.177.94
L	RS	561	561	69.3.16.209
L	RS	620	560	24.13.234.36
L	RS	737	527	64.233.240.205
L	RS	494	494	147.126.130.195
L	RS	441	421	76.16.212.117
L	RS	401	401	76.16.213.146
L	RS	400	400	24.7.202.245
L	RS	400	400	68.20.179.182
L	RS	2181	381	38.115.184.66
L	RS	381	381	75.21.218.129
L	RS	380	380	64.107.144.31
L	RS	380	380	67.174.130.116
L	RS	376025	15042	[not listed: 3503]
E	*FR	2007	09	09	22	48
E	*LR	2007	12	03	21	13
E	*f	-30S	s
E	lSR	1	4	230	/manager
E	lSR	1	0	5	[not listed: 4]
l	*FR	2007	09	09	22	48
l	*LR	2007	12	03	21	13
l	*f	-20S	s
l	SR	3	5	71.201.210.19
l	SR	1	165	71.201.217.251
l	SR	0	65	[not listed: 9]
v	*f	-20B	b
v	Rb	378555	100.000	64.66.190.23
R	*FR	2007	09	09	22	48
R	*LR	2007	12	03	21	13
R	*f	-20R	r
R	R	235	64.66.190.23
M	*FR	2007	09	09	07	48
M	*LR	2007	12	09	05	49
M	*f	-20R	r
M	R	393983	64.66.190.23
